0|/usr/bin/nf-queue|50348854|33261|0|0|11544|1501789731|1501789731|1645705518|1645705518
0|/usr/bin/catchsegv|50337086|33261|0|0|3336|1634148421|1634148421|1645733984|1645733984
0|/usr/bin/nl-addr-add|50348855|33261|0|0|11928|1501789731|1501789731|1645705518|1645705518
0|/usr/bin/gencat|50337087|33261|0|0|22640|1634149749|1634149749|1645733984|1645733984
0|/usr/bin/nl-addr-delete|50348856|33261|0|0|12016|1501789731|1501789731|1645705518|1645705518
0|/usr/bin/getent|50337121|33261|0|0|27024|1645734009|1634149750|1645733984|1645733984
0|/usr/bin/nl-route-add|50348872|33261|0|0|12016|1501789731|1501789731|1645705518|1645705518
0|/usr/bin/iconv|50337122|33261|0|0|59536|1634149750|1634149750|1645733984|1645733984
0|/usr/bin/xzless|50357771|33261|0|0|1802|1478359663|1478359663|1645705518|1645705518
0|/usr/bin/ldd|50337123|33261|0|0|5302|1645734044|1634148427|1645733984|1645733984
0|/usr/bin/nl-route-delete|50348873|33261|0|0|16240|1501789731|1501789731|1645705518|1645705518
0|/usr/bin/locale|50337124|33261|0|0|38000|1634149749|1634149749|1645733984|1645733984
0|/usr/bin/nl-route-get|50348874|33261|0|0|11448|1501789731|1501789731|1645705518|1645705518
0|/usr/bin/localedef|50337125|33261|0|0|325952|1634149750|1634149750|1645733984|1645733984
0|/usr/bin/nl-route-list|50348875|33261|0|0|12056|1501789731|1501789731|1645705518|1645705518
0|/usr/bin/makedb|50337126|33261|0|0|18544|1634149749|1634149749|1645733984|1645733984
0|/usr/bin/nl-rule-list|50348876|33261|0|0|11568|1501789731|1501789731|1645705518|1645705518
0|/usr/bin/pldd|50337127|33261|0|0|14448|1634149749|1634149749|1645733984|1645733984
0|/usr/bin/nl-tctree-list|50348877|33261|0|0|11808|1501789731|1501789731|1645705518|1645705518
0|/usr/bin/rpcgen|50337128|33261|0|0|92624|1634149749|1634149749|1645733984|1645733984
0|/usr/bin/nl-util-addr|50348878|33261|0|0|7200|1501789731|1501789731|1645705518|1645705518
0|/usr/bin/sotruss|50337129|33261|0|0|4341|1634148427|1634148427|1645733984|1645733984
0|/usr/bin/genl-ctrl-list|53719|33261|0|0|11544|1501789731|1501789731|1645705518|1645705518
0|/usr/bin/sprof|50337130|33261|0|0|22632|1634149749|1634149749|1645733984|1645733984
0|/usr/bin/nl-class-add|53720|33261|0|0|11976|1501789731|1501789731|1645705518|1645705518
0|/usr/bin/tzselect|50337131|33261|0|0|7339|1634148385|1634148385|1645733984|1645733984
0|/usr/bin/nl-class-delete|53721|33261|0|0|11824|1501789731|1501789731|1645705518|1645705518
0|/usr/bin/getconf|50337148|33261|0|0|22560|1634149749|1634149749|1645733987|1645733987
0|/usr/bin/nl-class-list|53722|33261|0|0|11752|1501789731|1501789731|1645705518|1645705518
0|/usr/bin/alias|50337055|33261|0|0|29|1637771606|1637771606|1645733984|1645733984
0|/usr/bin/nl-classid-lookup|53723|33261|0|0|11560|1501789731|1501789731|1645705518|1645705518
0|/usr/bin/bash|50337056|33261|0|0|964536|1645733988|1637771607|1645733984|1645733984
0|/usr/bin/nl-cls-add|53724|33261|0|0|12040|1501789731|1501789731|1645705518|1645705518
0|/usr/bin/bashbug|50337057|41471|0|0|10|1645735030|1645733984|1645733984|1645733984
0|/usr/bin/nl-cls-delete|53725|33261|0|0|11960|1501789731|1501789731|1645705518|1645705518
0|/usr/bin/bashbug-64|50337058|33261|0|0|6964|1637771601|1637771601|1645733984|1645733984
0|/usr/bin/xzmore|50357772|33261|0|0|2161|1478359663|1478359663|1645705518|1645705518
0|/usr/bin/bg|50337059|33261|0|0|26|1637771606|1637771606|1645733984|1645733984
0|/usr/bin/last|50357802|33261|0|0|19568|1645725182|1402355804|1645705518|1645705518
0|/usr/bin/cd|50337060|33261|0|0|26|1637771606|1637771606|1645733984|1645733984
0|/usr/bin/nl-cls-list|53726|33261|0|0|11856|1501789731|1501789731|1645705518|1645705518
0|/usr/bin/command|50337061|33261|0|0|31|1637771606|1637771606|1645733984|1645733984
0|/usr/bin/lastb|50357803|41471|0|0|4|1645735030|1645705518|1645705518|1645705518
0|/usr/bin/fc|50337062|33261|0|0|26|1637771606|1637771606|1645733984|1645733984
0|/usr/bin/mesg|50357804|33261|0|0|11240|1402355804|1402355804|1645705518|1645705518
0|/usr/bin/fg|50337063|33261|0|0|26|1637771606|1637771606|1645733984|1645733984
0|/usr/bin/nl-link-list|53727|33261|0|0|11800|1501789731|1501789731|1645705518|1645705518
0|/usr/bin/getopts|50337064|33261|0|0|31|1637771606|1637771606|1645733984|1645733984
0|/usr/bin/nl-pktloc-lookup|53728|33261|0|0|11632|1501789731|1501789731|1645705518|1645705518
0|/usr/bin/jobs|50337065|33261|0|0|28|1637771606|1637771606|1645733984|1645733984
0|/usr/bin/nl-qdisc-add|53729|33261|0|0|11880|1501789731|1501789731|1645705518|1645705518
0|/usr/bin/read|50337066|33261|0|0|28|1637771606|1637771606|1645733984|1645733984
0|/usr/bin/wall|50357805|34157|0|5|15344|1402355804|1402355804|1645705518|1645705518
0|/usr/bin/sh|50337067|41471|0|0|4|1645733988|1645733984|1645733984|1645733984
0|/usr/bin/nl-qdisc-delete|53730|33261|0|0|11816|1501789731|1501789731|1645705518|1645705518
0|/usr/bin/umask|50337068|33261|0|0|29|1637771606|1637771606|1645733984|1645733984
0|/usr/bin/nl-qdisc-list|53731|33261|0|0|11904|1501789731|1501789731|1645705518|1645705518
0|/usr/bin/unalias|50337070|33261|0|0|31|1637771606|1637771606|1645733984|1645733984
0|/usr/bin/p11-kit|50348882|33261|0|0|32952|1645705529|1501889806|1645705518|1645705518
0|/usr/bin/wait|50337071|33261|0|0|28|1637771606|1637771606|1645733984|1645733984
0|/usr/bin/eqn|50348890|33261|0|0|147880|1402345042|1402345042|1645705518|1645705518
0|/usr/bin/less|50358019|33261|0|0|158240|1645705589|1438300242|1645705519|1645705519
0|/usr/bin/info|50681577|33261|0|0|271552|1523408615|1523408615|1645705516|1645705516
0|/usr/bin/geqn|50348891|41471|0|0|3|1645735030|1645705518|1645705518|1645705518
0|/usr/bin/ex|50662684|41471|0|0|2|1645735030|1645733990|1645733990|1645733990
0|/usr/bin/infokey|50681578|33261|0|0|21984|1523408615|1523408615|1645705516|1645705516
0|/usr/bin/lz4cat|50357807|41471|0|0|3|1645735030|1645733989|1645733989|1645733989
0|/usr/bin/sed|50337165|33261|0|0|76072|1645734010|1601487352|1645733989|1645733989
0|/usr/bin/gneqn|50348892|41471|0|0|4|1645735030|1645705518|1645705518|1645705518
0|/usr/bin/egrep|50681656|33261|0|0|290|1645705588|1501743497|1645705516|1645705516
0|/usr/bin/gnroff|50348893|41471|0|0|5|1645735030|1645705518|1645705518|1645705518
0|/usr/bin/fgrep|50681657|33261|0|0|290|1501743497|1501743497|1645705516|1645705516
0|/usr/bin/gpic|50348894|41471|0|0|3|1645735030|1645705518|1645705518|1645705518
0|/usr/bin/rvi|50358036|41471|0|0|2|1645735030|1645733990|1645733990|1645733990
0|/usr/bin/grep|50681658|33261|0|0|159024|1645705529|1501743498|1645705516|1645705516
0|/usr/bin/lz4|51051448|33261|0|0|108384|1601484911|1601484911|1645733989|1645733989
0|/usr/bin/awk|50343470|41471|0|0|4|1645705541|1645705516|1645705516|1645705516
0|/usr/bin/groff|50348895|33261|0|0|83584|1402345042|1402345042|1645705518|1645705518
0|/usr/bin/dgawk|50343471|33261|0|0|514168|1498686768|1498686768|1645705516|1645705516
0|/usr/bin/grops|50357728|33261|0|0|144232|1402345042|1402345042|1645705518|1645705518
0|/usr/bin/gawk|50343472|33261|0|0|428584|1645705541|1498686768|1645705517|1645705517
0|/usr/bin/grotty|50357729|33261|0|0|100952|1402345042|1402345042|1645705518|1645705518
0|/usr/bin/igawk|50343473|33261|0|0|3188|1498686765|1498686765|1645705517|1645705517
0|/usr/bin/gsoelim|50357730|41471|0|0|6|1645735030|1645705518|1645705518|1645705518
0|/usr/bin/pgawk|50343474|33261|0|0|428672|1498686768|1498686768|1645705517|1645705517
0|/usr/bin/gtbl|50357731|41471|0|0|3|1645735030|1645705518|1645705518|1645705518
0|/usr/bin/vi|50358038|33261|0|0|928200|1645734055|1608050653|1645733990|1645733990
0|/usr/bin/gpg-error|50343508|33261|0|0|23736|1402390008|1402390008|1645705517|1645705517
0|/usr/bin/gtroff|50357732|41471|0|0|5|1645735030|1645705518|1645705518|1645705518
0|/usr/bin/xmlcatalog|50358079|33261|0|0|15672|1634832918|1634832918|1645733990|1645733990
0|/usr/bin/neqn|50357733|33261|0|0|271|1402345033|1402345033|1645705518|1645705518
0|/usr/bin/view|50358039|41471|0|0|2|1645735030|1645733990|1645733990|1645733990
0|/usr/bin/xmllint|50348737|33261|0|0|63424|1634832918|1634832918|1645733990|1645733990
0|/usr/bin/nroff|50357734|33261|0|0|3392|1402345035|1402345035|1645705518|1645705518
0|/usr/bin/cpio|50348756|33261|0|0|145968|1645734056|1602604078|1645733989|1645733989
0|/usr/bin/pic|50357735|33261|0|0|184736|1402345042|1402345042|1645705518|1645705518
0|/usr/bin/gtar|50358041|41471|0|0|3|1645735030|1645705519|1645705519|1645705519
0|/usr/bin/xmlwf|50681591|33261|0|0|24576|1601481925|1601481925|1645733989|1645733989
0|/usr/bin/lz4c|50357806|41471|0|0|3|1645735030|1645733989|1645733989|1645733989
0|/usr/bin/lua|50348757|33261|0|0|15840|1478400455|1478400455|1645705517|1645705517
0|/usr/bin/post-grohtml|50357736|33261|0|0|192048|1402345042|1402345042|1645705518|1645705518
0|/usr/bin/luac|50348758|33261|0|0|121888|1478400455|1478400455|1645705517|1645705517
0|/usr/bin/pre-grohtml|50357737|33261|0|0|88312|1402345042|1402345042|1645705518|1645705518
0|/usr/bin/which|50348760|33261|0|0|24336|1645705705|1402367122|1645705517|1645705517
0|/usr/bin/preconv|50357738|33261|0|0|41864|1402345042|1402345042|1645705518|1645705518
0|/usr/bin/find|50348762|33261|0|0|199304|1645705538|1540917775|1645705517|1645705517
0|/usr/bin/soelim|50357739|33261|0|0|33368|1402345042|1402345042|1645705518|1645705518
0|/usr/bin/oldfind|50348763|33261|0|0|190880|1540917775|1540917775|1645705517|1645705517
0|/usr/bin/tbl|50357740|33261|0|0|118744|1402345042|1402345042|1645705518|1645705518
0|/usr/bin/tar|50358042|33261|0|0|346136|1540931070|1540931070|1645705519|1645705519
0|/usr/bin/xargs|50348764|33261|0|0|62368|1645705553|1540917775|1645705517|1645705517
0|/usr/bin/unlz4|50357808|41471|0|0|3|1645735030|1645733989|1645733989|1645733989
0|/usr/bin/cmp|50348782|33261|0|0|45272|1645705776|1565305872|1645705517|1645705517
0|/usr/bin/troff|50357741|33261|0|0|525272|1402345042|1402345042|1645705518|1645705518
0|/usr/bin/diff|50348783|33261|0|0|200224|1645734032|1565305872|1645705517|1645705517
0|/usr/bin/zsoelim|50357742|41471|0|0|6|1645735030|1645705518|1645705518|1645705518
0|/usr/bin/diff3|50348784|33261|0|0|62200|1565305872|1565305872|1645705517|1645705517
0|/usr/bin/unxz|50357762|41471|0|0|2|1645735030|1645705518|1645705518|1645705518
0|/usr/bin/make|50368321|33261|0|0|182752|1565311609|1565311609|1645705520|1645705520
0|/usr/bin/sdiff|50348785|33261|0|0|49640|1565305872|1565305872|1645705517|1645705517
0|/usr/bin/xz|50357763|33261|0|0|75280|1645705567|1478359677|1645705518|1645705518
0|/usr/bin/tabs|50555705|33261|0|0|15680|1504735700|1504735700|1645705529|1645705529
0|/usr/bin/sqlite3|50348837|33261|0|0|56264|1580221492|1580221492|1645705517|1645705517
0|/usr/bin/xzcat|50357764|41471|0|0|2|1645735030|1645705518|1645705518|1645705518
0|/usr/bin/file|50348841|33261|0|0|19768|1601482102|1601482102|1645733989|1645733989
0|/usr/bin/nl-list-caches|50348865|33261|0|0|11344|1501789731|1501789731|1645705518|1645705518
0|/usr/bin/tic|50555706|33261|0|0|65800|1504735700|1504735700|1645705529|1645705529
0|/usr/bin/idiag-socket-details|50348846|33261|0|0|11608|1501789731|1501789731|1645705518|1645705518
0|/usr/bin/xzcmp|50357765|41471|0|0|6|1645735030|1645705518|1645705518|1645705518
0|/usr/bin/nf-ct-add|50348847|33261|0|0|12088|1501789731|1501789731|1645705518|1645705518
0|/usr/bin/xzdec|50357766|33261|0|0|11472|1478359677|1478359677|1645705518|1645705518
0|/usr/bin/nf-ct-list|50348848|33261|0|0|16216|1501789731|1501789731|1645705518|1645705518
0|/usr/bin/xzdiff|50357767|33261|0|0|6632|1478359663|1478359663|1645705518|1645705518
0|/usr/bin/nf-exp-add|50348849|33261|0|0|16600|1501789731|1501789731|1645705518|1645705518
0|/usr/bin/nf-monitor|50348853|33261|0|0|11448|1501789731|1501789731|1645705518|1645705518
0|/usr/bin/toe|50555707|33261|0|0|15800|1504735700|1504735700|1645705529|1645705529
0|/usr/bin/nf-exp-delete|50348850|33261|0|0|16376|1501789731|1501789731|1645705518|1645705518
0|/usr/bin/xzegrep|50357768|41471|0|0|6|1645735030|1645705518|1645705518|1645705518
0|/usr/bin/nf-exp-list|50348851|33261|0|0|12088|1501789731|1501789731|1645705518|1645705518
0|/usr/bin/xzfgrep|50357769|41471|0|0|6|1645735030|1645705518|1645705518|1645705518
0|/usr/bin/nf-log|50348852|33261|0|0|11504|1501789731|1501789731|1645705518|1645705518
0|/usr/bin/nl-addr-list|50348857|33261|0|0|16256|1501789731|1501789731|1645705518|1645705518
0|/usr/bin/nl-neigh-add|50348868|33261|0|0|11784|1501789731|1501789731|1645705518|1645705518
0|/usr/bin/tput|50555708|33261|0|0|15784|1645705788|1504735700|1645705529|1645705529
0|/usr/bin/nl-fib-lookup|50348858|33261|0|0|11688|1501789731|1501789731|1645705518|1645705518
0|/usr/bin/nl-neigh-delete|50348869|33261|0|0|11848|1501789731|1501789731|1645705518|1645705518
0|/usr/bin/nl-link-enslave|50348859|33261|0|0|7216|1501789731|1501789731|1645705518|1645705518
0|/usr/bin/nl-list-sockets|50348866|33261|0|0|7232|1501789731|1501789731|1645705518|1645705518
0|/usr/bin/tset|50555709|33261|0|0|20072|1504735700|1504735700|1645705529|1645705529
0|/usr/bin/nl-link-ifindex2name|50348860|33261|0|0|7232|1501789731|1501789731|1645705518|1645705518
0|/usr/bin/nl-monitor|50348867|33261|0|0|11464|1501789731|1501789731|1645705518|1645705518
0|/usr/bin/whiptail|50357813|33261|0|0|28504|1402386492|1402386492|1645705518|1645705518
0|/usr/bin/nl-link-name2ifindex|50348861|33261|0|0|7216|1501789731|1501789731|1645705518|1645705518
0|/usr/bin/nl-neigh-list|50348870|33261|0|0|11736|1501789731|1501789731|1645705518|1645705518
0|/usr/bin/nl-link-release|50348862|33261|0|0|7216|1501789731|1501789731|1645705518|1645705518
0|/usr/bin/xzgrep|50357770|33261|0|0|5628|1478359663|1478359663|1645705518|1645705518
0|/usr/bin/nl-link-set|50348863|33261|0|0|11920|1501789731|1501789731|1645705518|1645705518
0|/usr/bin/nl-neightbl-list|50348871|33261|0|0|11536|1501789731|1501789731|1645705518|1645705518
0|/usr/bin/nl-link-stats|50348864|33261|0|0|11664|1501789731|1501789731|1645705518|1645705518
0|/usr/bin/testgdbm|50357853|33261|0|0|30488|1402349943|1402349943|1645705519|1645705519
0|/usr/bin/idn|50357785|33261|0|0|33232|1448125247|1448125247|1645705518|1645705518
0|/usr/bin/[|50368340|33261|0|0|41488|1605565498|1605565498|1645734000|1645734000
0|/usr/bin/join|50555695|33261|0|0|49920|1605565498|1605565498|1645734000|1645734000
0|/usr/bin/vdir|50569856|33261|0|0|117608|1605565498|1605565498|1645734000|1645734000
0|/usr/bin/dnsdomainname|50357858|41471|0|0|8|1645735030|1645705519|1645705519|1645705519
0|/usr/bin/mknod|50569802|33261|0|0|67184|1645734045|1605565498|1645734000|1645734000
0|/usr/bin/domainname|50357859|41471|0|0|8|1645705775|1645705519|1645705519|1645705519
0|/usr/bin/mktemp|50569803|33261|0|0|41632|1645734032|1605565498|1645734000|1645734000
0|/usr/bin/hostname|50357860|33261|0|0|15784|1645705775|1571414524|1645705519|1645705519
0|/usr/bin/install|50555694|33261|0|0|142944|1605565498|1605565498|1645734000|1645734000
0|/usr/bin/sg|50605829|41471|0|0|6|1645735030|1645705532|1645705532|1645705532
0|/usr/bin/nisdomainname|50357861|41471|0|0|8|1645735030|1645705519|1645705519|1645705519
0|/usr/bin/link|50555696|33261|0|0|28984|1605565498|1605565498|1645734000|1645734000
0|/usr/bin/wc|50569857|33261|0|0|41648|1645734009|1605565498|1645734000|1645734000
0|/usr/bin/ypdomainname|50357862|41471|0|0|8|1645735030|1645705519|1645705519|1645705519
0|/usr/bin/ln|50555697|33261|0|0|58592|1645734018|1605565498|1645734000|1645734000
0|/usr/bin/who|50569858|33261|0|0|49872|1605565498|1605565498|1645734000|1645734000
0|/usr/bin/iptables-xml|50681540|41471|0|0|23|1645735030|1645733989|1645733989|1645733989
0|/usr/bin/mv|50569804|33261|0|0|130360|1645734000|1605565498|1645734000|1645734000
0|/usr/bin/gzip|50605972|33261|0|0|100800|1645705567|1523404878|1645705533|1645705533
0|/usr/bin/lessecho|50358020|33261|0|0|11376|1438300242|1438300242|1645705519|1645705519
0|/usr/bin/nice|50569805|33261|0|0|33096|1605565498|1605565498|1645734000|1645734000
0|/usr/bin/zcat|50605973|33261|0|0|1941|1645705599|1523404878|1645705533|1645705533
0|/usr/bin/lesskey|50358021|33261|0|0|17056|1438300242|1438300242|1645705519|1645705519
0|/usr/bin/nl|50569806|33261|0|0|41576|1605565498|1605565498|1645734000|1645734000
0|/usr/bin/zcmp|50605974|33261|0|0|1760|1523404878|1523404878|1645705533|1645705533
0|/usr/bin/lesspipe.sh|50358022|33261|0|0|2291|1438300022|1438300022|1645705519|1645705519
0|/usr/bin/nohup|50569807|33261|0|0|33200|1605565498|1605565498|1645734000|1645734000
0|/usr/bin/teamnl|50358040|33261|0|0|19552|1645734046|1601484707|1645733990|1645733990
0|/usr/bin/nproc|50569808|33261|0|0|33144|1605565498|1605565498|1645734000|1645734000
0|/usr/bin/chacl|50358030|33261|0|0|15632|1585707373|1585707373|1645705519|1645705519
0|/usr/bin/numfmt|50569809|33261|0|0|66264|1605565498|1605565498|1645734000|1645734000
0|/usr/bin/getfacl|50358031|33261|0|0|24872|1585707373|1585707373|1645705519|1645705519
0|/usr/bin/od|50569810|33261|0|0|66368|1605565498|1605565498|1645734000|1645734000
0|/usr/bin/znew|50605982|33261|0|0|5343|1523404878|1523404878|1645705533|1645705533
0|/usr/bin/setfacl|50358032|33261|0|0|37608|1585707373|1585707373|1645705519|1645705519
0|/usr/bin/paste|50569811|33261|0|0|33120|1605565498|1605565498|1645734000|1645734000
0|/usr/bin/rview|50358037|41471|0|0|2|1645735030|1645733990|1645733990|1645733990
0|/usr/bin/pathchk|50569812|33261|0|0|33088|1605565498|1605565498|1645734000|1645734000
0|/usr/bin/db_archive|50358060|33261|0|0|11496|1565309902|1565309902|1645705519|1645705519
0|/usr/bin/logname|50555699|33261|0|0|28992|1605565498|1605565498|1645734000|1645734000
0|/usr/bin/gio|50569866|33261|0|0|75176|1623255122|1623255122|1645734001|1645734001
0|/usr/bin/db_checkpoint|50358061|33261|0|0|11576|1565309902|1565309902|1645705519|1645705519
0|/usr/bin/pinky|50569813|33261|0|0|37448|1605565498|1605565498|1645734000|1645734000
0|/usr/bin/db_deadlock|50358062|33261|0|0|11584|1565309902|1565309902|1645705519|1645705519
0|/usr/bin/pr|50569814|33261|0|0|66672|1605565498|1605565498|1645734000|1645734000
0|/usr/bin/ar|50524457|33261|0|0|62688|1635781155|1635781155|1645734032|1645734032
0|/usr/bin/db_dump|50358063|33261|0|0|15696|1565309902|1565309902|1645705519|1645705519
0|/usr/bin/printenv|50569815|33261|0|0|28960|1605565498|1605565498|1645734000|1645734000
0|/usr/bin/db_dump185|50358064|33261|0|0|65992|1565309902|1565309902|1645705519|1645705519
0|/usr/bin/ls|50569786|33261|0|0|117608|1645734018|1605565498|1645734000|1645734000
0|/usr/bin/whoami|50569859|33261|0|0|28984|1605565498|1605565498|1645734000|1645734000
0|/usr/bin/db_hotbackup|50358065|33261|0|0|15712|1565309902|1565309902|1645705519|1645705519
0|/usr/bin/printf|50569816|33261|0|0|49776|1645734018|1605565498|1645734000|1645734000
0|/usr/bin/db_load|50358066|33261|0|0|28168|1565309902|1565309902|1645705519|1645705519
0|/usr/bin/md5sum|50569787|33261|0|0|41504|1605565498|1605565498|1645734000|1645734000
0|/usr/bin/as|50524458|33261|0|0|386416|1635781155|1635781155|1645734032|1645734032
0|/usr/bin/db_log_verify|50358067|33261|0|0|15704|1565309902|1565309902|1645705519|1645705519
0|/usr/bin/ptx|50569817|33261|0|0|66640|1605565498|1605565498|1645734000|1645734000
0|/usr/bin/dwp|50524033|33261|0|0|3177936|1635781155|1635781155|1645734032|1645734032
0|/usr/bin/db_printlog|50358068|33261|0|0|33032|1565309902|1565309902|1645705519|1645705519
0|/usr/bin/pwd|50569818|33261|0|0|33232|1605565498|1605565498|1645734000|1645734000
0|/usr/bin/nm|50524037|33261|0|0|46520|1635781155|1635781155|1645734032|1645734032
0|/usr/bin/db_recover|50358069|33261|0|0|11600|1565309902|1565309902|1645705519|1645705519
0|/usr/bin/glib-compile-schemas|50569868|33261|0|0|45440|1623255122|1623255122|1645734001|1645734001
0|/usr/bin/db_replicate|50358070|33261|0|0|15712|1565309902|1565309902|1645705519|1645705519
0|/usr/bin/readlink|50569819|33261|0|0|41800|1645734017|1605565498|1645734000|1645734000
0|/usr/bin/db_stat|50358071|33261|0|0|15624|1645705559|1565309902|1645705519|1645705519
0|/usr/bin/realpath|50569820|33261|0|0|62704|1605565498|1605565498|1645734000|1645734000
0|/usr/bin/db_tuner|50358072|33261|0|0|19792|1565309902|1565309902|1645705519|1645705519
0|/usr/bin/rm|50569821|33261|0|0|62872|1645734010|1605565498|1645734000|1645734000
0|/usr/bin/size|50524042|33261|0|0|33128|1635781155|1635781155|1645734032|1645734032
0|/usr/bin/db_upgrade|50358073|33261|0|0|11504|1565309902|1565309902|1645705519|1645705519
0|/usr/bin/rmdir|50569822|33261|0|0|45528|1645734018|1605565498|1645734000|1645734000
0|/usr/bin/db_verify|50358074|33261|0|0|11520|1565309902|1565309902|1645705519|1645705519
0|/usr/bin/runcon|50569823|33261|0|0|33248|1605565498|1605565498|1645734000|1645734000
0|/usr/bin/pinentry|50358075|33261|0|0|2602|1478282574|1478282574|1645705519|1645705519
0|/usr/bin/mkdir|50569788|33261|0|0|79768|1645734001|1605565498|1645734000|1645734000
0|/usr/bin/ld|50533350|41471|0|0|20|1645735030|1645734033|1645734033|1645734033
0|/usr/bin/pinentry-curses|50358076|33261|0|0|50368|1478360967|1478360967|1645705519|1645705519
0|/usr/bin/seq|50569824|33261|0|0|49640|1605565498|1605565498|1645734000|1645734000
0|/usr/bin/curl|50524093|33261|0|0|156664|1605543319|1605543319|1645734008|1645734008
0|/usr/bin/gmake|50368320|41471|0|0|4|1645735030|1645705520|1645705520|1645705520
0|/usr/bin/sha1sum|50569825|33261|0|0|37448|1605565498|1605565498|1645734000|1645734000
0|/usr/bin/captoinfo|50555700|41471|0|0|3|1645735030|1645705529|1645705529|1645705529
0|/usr/bin/sha224sum|50569826|33261|0|0|41608|1605565498|1605565498|1645734000|1645734000
0|/usr/bin/clear|50555701|33261|0|0|7192|1504735700|1504735700|1645705529|1645705529
0|/usr/bin/sha256sum|50569827|33261|0|0|41608|1605565498|1605565498|1645734000|1645734000
0|/usr/bin/infocmp|50555702|33261|0|0|57416|1504735700|1504735700|1645705529|1645705529
0|/usr/bin/sha384sum|50569828|33261|0|0|41624|1605565498|1605565498|1645734000|1645734000
0|/usr/bin/infotocap|50555703|41471|0|0|3|1645735030|1645705529|1645705529|1645705529
0|/usr/bin/sha512sum|50569829|33261|0|0|41624|1645734023|1605565498|1645734000|1645734000
0|/usr/bin/reset|50555704|41471|0|0|4|1645735030|1645705529|1645705529|1645705529
0|/usr/bin/shred|50569830|33261|0|0|54208|1605565498|1605565498|1645734000|1645734000
0|/usr/bin/ndptool|50569767|33261|0|0|24192|1565310358|1565310358|1645705529|1645705529
0|/usr/bin/shuf|50569831|33261|0|0|50312|1605565498|1605565498|1645734000|1645734000
0|/usr/bin/rpm|50524095|33261|0|0|16128|1645734009|1637771614|1645734008|1645734008
0|/usr/bin/trust|50569774|33261|0|0|183376|1645705529|1501889806|1645705529|1645705529
0|/usr/bin/sleep|50569832|33261|0|0|33128|1645734044|1605565498|1645734000|1645734000
0|/usr/bin/ca-legacy|50403528|33261|0|0|1638|1645733999|1632385048|1645733999|1645733999
0|/usr/bin/mkfifo|50569801|33261|0|0|63064|1645734044|1605565498|1645734000|1645734000
0|/usr/bin/gpg|50662685|41471|0|0|4|1645705566|1645705538|1645705538|1645705538
0|/usr/bin/update-ca-trust|50403529|33261|0|0|1054|1645733999|1632385048|1645733999|1645733999
0|/usr/bin/sort|50569833|33261|0|0|117696|1645734018|1605565498|1645734000|1645734000
0|/usr/bin/gpg2|50679329|33261|0|0|749976|1531487125|1531487125|1645705538|1645705538
0|/usr/bin/arch|50403530|33261|0|0|33080|1645734044|1605565498|1645734000|1645734000
0|/usr/bin/split|50569834|33261|0|0|71136|1605565498|1605565498|1645734000|1645734000
0|/usr/bin/base64|50403531|33261|0|0|37360|1605565498|1605565498|1645734000|1645734000
0|/usr/bin/stat|50569835|33261|0|0|79040|1645734045|1605565498|1645734000|1645734000
0|/usr/bin/gpgv|50679333|41471|0|0|5|1645735030|1645705538|1645705538|1645705538
0|/usr/bin/basename|50403532|33261|0|0|29032|1645736461|1605565498|1645734000|1645734000
0|/usr/bin/yes|50569860|33261|0|0|28984|1605565498|1605565498|1645734000|1645734000
0|/usr/bin/cat|50403533|33261|0|0|54080|1645734010|1605565498|1645734000|1645734000
0|/usr/bin/stdbuf|50569836|33261|0|0|66440|1605565498|1605565498|1645734000|1645734000
0|/usr/bin/chcon|50403534|33261|0|0|62936|1645734011|1605565498|1645734000|1645734000
0|/usr/bin/stty|50569837|33261|0|0|70256|1645734045|1605565498|1645734000|1645734000
0|/usr/bin/yum|50679458|33261|0|0|801|1645734140|1601571824|1645734014|1645734014
0|/usr/bin/chgrp|50403535|33261|0|0|62792|1645734010|1605565498|1645734000|1645734000
0|/usr/bin/sum|50569838|33261|0|0|37432|1605565498|1605565498|1645734000|1645734000
0|/usr/bin/cal|50679555|33261|0|0|37688|1612283513|1612283513|1645734010|1645734010
0|/usr/bin/chmod|50403536|33261|0|0|58584|1645734010|1605565498|1645734000|1645734000
0|/usr/bin/sync|50569839|33261|0|0|29008|1645734067|1605565498|1645734000|1645734000
0|/usr/bin/chfn|50679556|35273|0|0|23968|1612283513|1612283513|1645734010|1645734010
0|/usr/bin/chown|50403537|33261|0|0|62832|1645734011|1605565498|1645734000|1645734000
0|/usr/bin/tac|50569840|33261|0|0|33264|1605565498|1605565498|1645734000|1645734000
0|/usr/bin/chrt|50679558|33261|0|0|32944|1612283513|1612283513|1645734010|1645734010
0|/usr/bin/cksum|50403538|33261|0|0|33152|1605565498|1605565498|1645734000|1645734000
0|/usr/bin/tail|50569841|33261|0|0|66816|1605565498|1605565498|1645734000|1645734000
0|/usr/bin/chsh|50679559|35273|0|0|23880|1612283513|1612283513|1645734010|1645734010
0|/usr/bin/comm|50403539|33261|0|0|37424|1645734038|1605565498|1645734000|1645734000
0|/usr/bin/pydoc|50596002|33261|0|0|78|1605565415|1605565415|1645734002|1645734002
0|/usr/bin/cp|50403540|33261|0|0|155184|1645734018|1605565498|1645734000|1645734000
0|/usr/bin/tee|50569842|33261|0|0|33160|1605565498|1605565498|1645734000|1645734000
0|/usr/bin/col|50679560|33261|0|0|24456|1612283513|1612283513|1645734010|1645734010
0|/usr/bin/csplit|50403541|33261|0|0|49992|1605565498|1605565498|1645734000|1645734000
0|/usr/bin/python|50596003|41471|0|0|7|1645734140|1645734002|1645734002|1645734002
0|/usr/bin/cut|50403542|33261|0|0|41584|1645734010|1605565498|1645734000|1645734000
0|/usr/bin/test|50569843|33261|0|0|37336|1605565498|1605565498|1645734000|1645734000
0|/usr/bin/i386|50679571|41471|0|0|7|1645735030|1645734010|1645734010|1645734010
0|/usr/bin/date|50403543|33261|0|0|62200|1645736461|1605565498|1645734000|1645734000
0|/usr/bin/python2|50596004|41471|0|0|9|1645734012|1645734002|1645734002|1645734002
0|/usr/bin/dd|50403544|33261|0|0|74896|1605565498|1605565498|1645734000|1645734000
0|/usr/bin/python2.7|50596005|33261|0|0|7144|1645734012|1605565435|1645734002|1645734002
0|/usr/bin/df|50403545|33261|0|0|105016|1605565498|1605565498|1645734000|1645734000
0|/usr/bin/chage|50605823|35309|0|0|73888|1565319061|1565319061|1645705532|1645705532
0|/usr/bin/dir|50403546|33261|0|0|117608|1605565498|1605565498|1645734000|1645734000
0|/usr/bin/timeout|50569844|33261|0|0|54592|1605565498|1605565498|1645734000|1645734000
0|/usr/bin/dircolors|50403547|33261|0|0|41408|1605565498|1605565498|1645734000|1645734000
0|/usr/bin/touch|50569845|33261|0|0|62488|1645734011|1605565498|1645734000|1645734000
0|/usr/bin/dirname|50403548|33261|0|0|28992|1645734018|1605565498|1645734000|1645734000
0|/usr/bin/gpasswd|50605824|35309|0|0|78408|1565319061|1565319061|1645705532|1645705532
0|/usr/bin/du|50403549|33261|0|0|112984|1645734063|1605565498|1645734000|1645734000
0|/usr/bin/tr|50569846|33261|0|0|45680|1645734012|1605565498|1645734000|1645734000
0|/usr/bin/ipcs|50679575|33261|0|0|49528|1612283513|1612283513|1645734010|1645734010
0|/usr/bin/echo|50403550|33261|0|0|33088|1645734018|1605565498|1645734000|1645734000
0|/usr/bin/lastlog|50605825|33261|0|0|19608|1565319061|1565319061|1645705532|1645705532
0|/usr/bin/env|50403551|33261|0|0|29008|1605565498|1605565498|1645734000|1645734000
0|/usr/bin/true|50569847|33261|0|0|28936|1645734055|1605565498|1645734000|1645734000
0|/usr/bin/kill|50679577|33261|0|0|33608|1612283513|1612283513|1645734010|1645734010
0|/usr/bin/expand|50555682|33261|0|0|33256|1605565498|1605565498|1645734000|1645734000
0|/usr/bin/truncate|50569848|33261|0|0|53944|1605565498|1605565498|1645734000|1645734000
0|/usr/bin/expr|50555683|33261|0|0|37408|1645734031|1605565498|1645734000|1645734000
0|/usr/bin/tsort|50569849|33261|0|0|37344|1605565498|1605565498|1645734000|1645734000
0|/usr/bin/factor|50555684|33261|0|0|95528|1605565498|1605565498|1645734000|1645734000
0|/usr/bin/tty|50569850|33261|0|0|28968|1645734031|1605565498|1645734000|1645734000
0|/usr/bin/look|50719333|33261|0|0|11544|1612283513|1612283513|1645734010|1645734010
0|/usr/bin/false|50555685|33261|0|0|28928|1605565498|1605565498|1645734000|1645734000
0|/usr/bin/newgidmap|50605826|33261|0|0|39000|1565319061|1565319061|1645705532|1645705532
0|/usr/bin/fmt|50555686|33261|0|0|37352|1605565498|1605565498|1645734000|1645734000
0|/usr/bin/uname|50569851|33261|0|0|33072|1645734012|1605565498|1645734000|1645734000
0|/usr/bin/fold|50555687|33261|0|0|37336|1605565498|1605565498|1645734000|1645734000
0|/usr/bin/unexpand|50569852|33261|0|0|33232|1605565498|1605565498|1645734000|1645734000
0|/usr/bin/groups|50555688|33261|0|0|33192|1605565498|1605565498|1645734000|1645734000
0|/usr/bin/uniq|50569853|33261|0|0|45784|1645734031|1605565498|1645734000|1645734000
0|/usr/bin/lsns|50719341|33261|0|0|37304|1612283513|1612283513|1645734010|1645734010
0|/usr/bin/head|50555689|33261|0|0|41480|1645734023|1605565498|1645734000|1645734000
0|/usr/bin/unlink|50569854|33261|0|0|28984|1605565498|1605565498|1645734000|1645734000
0|/usr/bin/hostid|50555690|33261|0|0|29000|1605565498|1605565498|1645734000|1645734000
0|/usr/bin/newgrp|50605827|35309|0|0|41936|1565319061|1565319061|1645705532|1645705532
0|/usr/bin/id|50555692|33261|0|0|37400|1645734012|1605565498|1645734000|1645734000
0|/usr/bin/users|50569855|33261|0|0|33200|1605565498|1605565498|1645734000|1645734000
0|/usr/bin/newuidmap|50605828|33261|0|0|38976|1565319061|1565319061|1645705532|1645705532
0|/usr/bin/gunzip|50605970|33261|0|0|2253|1523404878|1523404878|1645705533|1645705533
0|/usr/bin/gzexe|50605971|33261|0|0|5931|1523404878|1523404878|1645705533|1645705533
0|/usr/bin/zdiff|50605975|33261|0|0|5768|1523404878|1523404878|1645705533|1645705533
0|/usr/bin/zegrep|50605976|33261|0|0|123|1523404878|1523404878|1645705533|1645705533
0|/usr/bin/zfgrep|50605977|33261|0|0|123|1523404878|1523404878|1645705533|1645705533
0|/usr/bin/zforce|50605978|33261|0|0|2144|1523404878|1523404878|1645705533|1645705533
0|/usr/bin/zgrep|50605979|33261|0|0|6132|1523404878|1523404878|1645705533|1645705533
0|/usr/bin/zless|50605980|33261|0|0|2041|1523404878|1523404878|1645705533|1645705533
0|/usr/bin/zmore|50605981|33261|0|0|2859|1523404878|1523404878|1645705533|1645705533
0|/usr/bin/gapplication|50569864|33261|0|0|19944|1623255122|1623255122|1645734001|1645734001
0|/usr/bin/gdbus|50569865|33261|0|0|41136|1623255122|1623255122|1645734001|1645734001
0|/usr/bin/gio-querymodules-64|50569867|33261|0|0|11584|1645734001|1623255122|1645734001|1645734001
0|/usr/bin/gpgparsemail|50679331|33261|0|0|24272|1531487125|1531487125|1645705538|1645705538
0|/usr/bin/gsettings|50569869|33261|0|0|24376|1623255122|1623255122|1645734001|1645734001
0|/usr/bin/kernel-install|50662590|33261|0|0|4489|1642092860|1642092860|1645734009|1645734009
0|/usr/bin/pmap|50708243|33261|0|0|28272|1601486497|1601486497|1645734011|1645734011
0|/usr/bin/update-mime-database|50617765|33261|0|0|54088|1645705558|1585715455|1645705533|1645705533
0|/usr/bin/gpgsplit|50679332|33261|0|0|50056|1531487125|1531487125|1645705538|1645705538
0|/usr/bin/csslint-0.6|50524437|33261|0|0|20024|1601484345|1601484345|1645734032|1645734032
0|/usr/bin/gpgv2|50679334|33261|0|0|353672|1531487125|1531487125|1645705538|1645705538
0|/usr/bin/pwmake|50627935|33261|0|0|11392|1523419098|1523419098|1645705534|1645705534
0|/usr/bin/watchgnupg|50679335|33261|0|0|15720|1531487125|1531487125|1645705538|1645705538
0|/usr/bin/pwscore|50627936|33261|0|0|11392|1523419098|1523419098|1645705534|1645705534
0|/usr/bin/chmem|50679557|33261|0|0|41400|1612283513|1612283513|1645734010|1645734010
0|/usr/bin/envsubst|50627960|33261|0|0|36872|1585708998|1585708998|1645705534|1645705534
0|/usr/bin/colcrt|50679561|33261|0|0|11560|1612283513|1612283513|1645734010|1645734010
0|/usr/bin/gettext|50627961|33261|0|0|36800|1645705706|1585708998|1645705534|1645705534
0|/usr/bin/colrm|50679562|33261|0|0|24344|1612283513|1612283513|1645734010|1645734010
0|/usr/bin/gettext.sh|50627962|33261|0|0|4629|1585708865|1585708865|1645705534|1645705534
0|/usr/bin/column|50679563|33261|0|0|28664|1612283513|1612283513|1645734010|1645734010
0|/usr/bin/msgattrib|50627963|33261|0|0|23920|1585708998|1585708998|1645705534|1645705534
0|/usr/bin/dmesg|50679564|33261|0|0|49680|1645734055|1612283513|1645734010|1645734010
0|/usr/bin/msgcat|50627964|33261|0|0|23896|1585708998|1585708998|1645705534|1645705534
0|/usr/bin/eject|50679565|33261|0|0|49984|1612283513|1612283513|1645734010|1645734010
0|/usr/bin/msgcmp|50627965|33261|0|0|24152|1585708998|1585708998|1645705534|1645705534
0|/usr/bin/fallocate|50679566|33261|0|0|28512|1612283513|1612283513|1645734010|1645734010
0|/usr/bin/msgcomm|50627966|33261|0|0|19776|1585708998|1585708998|1645705534|1645705534
0|/usr/bin/findmnt|50679567|33261|0|0|59776|1645734044|1612283513|1645734010|1645734010
0|/usr/bin/msgconv|50627967|33261|0|0|19768|1585708998|1585708998|1645705534|1645705534
0|/usr/bin/flock|50679568|33261|0|0|24448|1645734055|1612283513|1645734010|1645734010
0|/usr/bin/msgen|50630592|33261|0|0|19768|1585708998|1585708998|1645705534|1645705534
0|/usr/bin/getopt|50679569|33261|0|0|15752|1645734042|1612283513|1645734010|1645734010
0|/usr/bin/msgexec|50630593|33261|0|0|15696|1585708998|1585708998|1645705534|1645705534
0|/usr/bin/hexdump|50679570|33261|0|0|32784|1612283513|1612283513|1645734010|1645734010
0|/usr/bin/msgfilter|50630594|33261|0|0|28224|1585708998|1585708998|1645705534|1645705534
0|/usr/bin/ionice|50679572|33261|0|0|24432|1612283513|1612283513|1645734010|1645734010
0|/usr/bin/msgfmt|50630595|33261|0|0|78904|1585708998|1585708998|1645705534|1645705534
0|/usr/bin/ipcmk|50679573|33261|0|0|24576|1612283513|1612283513|1645734010|1645734010
0|/usr/bin/msggrep|50630596|33261|0|0|36832|1585708998|1585708998|1645705534|1645705534
0|/usr/bin/ipcrm|50679574|33261|0|0|28520|1612283513|1612283513|1645734010|1645734010
0|/usr/bin/msghack|50630597|33261|0|0|12751|1574869793|1574869793|1645705534|1645705534
0|/usr/bin/isosize|50679576|33261|0|0|24400|1612283513|1612283513|1645734010|1645734010
0|/usr/bin/msginit|50630598|33261|0|0|45448|1585708998|1585708998|1645705534|1645705534
0|/usr/bin/linux32|50679578|41471|0|0|7|1645735030|1645734010|1645734010|1645734010
0|/usr/bin/msgmerge|50630599|33261|0|0|53864|1585708998|1585708998|1645705534|1645705534
0|/usr/bin/linux64|50679579|41471|0|0|7|1645735030|1645734010|1645734010|1645734010
0|/usr/bin/msgunfmt|50630600|33261|0|0|32464|1585708998|1585708998|1645705534|1645705534
0|/usr/bin/logger|50679580|33261|0|0|29304|1645734021|1612283513|1645734010|1645734010
0|/usr/bin/msguniq|50630601|33261|0|0|19776|1585708998|1585708998|1645705534|1645705534
0|/usr/bin/login|50679581|33261|0|0|37248|1612283513|1612283513|1645734010|1645734010
0|/usr/bin/ngettext|50630602|33261|0|0|36816|1585708998|1585708998|1645705534|1645705534
0|/usr/bin/lsscsi|50662680|33261|0|0|57832|1501726266|1501726266|1645705538|1645705538
0|/usr/bin/ps|50708244|33261|0|0|100112|1645734055|1601486497|1645734011|1645734011
0|/usr/bin/recode-sr-latin|50630603|33261|0|0|15656|1585708998|1585708998|1645705534|1645705534
0|/usr/bin/lsblk|50719334|33261|0|0|81072|1612283513|1612283513|1645734010|1645734010
0|/usr/bin/xgettext|50630604|33261|0|0|271720|1585708998|1585708998|1645705534|1645705534
0|/usr/bin/lscpu|50719335|33261|0|0|62208|1645740356|1612283513|1645734010|1645734010
0|/usr/bin/pkg-config|50630653|33261|0|0|45448|1645705566|1402351548|1645705534|1645705534
0|/usr/bin/lsipc|50719336|33261|0|0|62408|1612283513|1612283513|1645734010|1645734010
0|/usr/bin/pchrt|50630699|33261|0|0|4024|1478382707|1478382707|1645705535|1645705535
0|/usr/bin/lslocks|50719337|33261|0|0|41992|1612283513|1612283513|1645734010|1645734010
0|/usr/bin/ptaskset|50630700|33261|0|0|3891|1478382707|1478382707|1645705535|1645705535
0|/usr/bin/lslogins|50719338|33261|0|0|54152|1612283513|1612283513|1645734010|1645734010
0|/usr/bin/pflags|50630704|33261|0|0|2111|1565316504|1565316504|1645705535|1645705535
0|/usr/bin/lsmem|50719340|33261|0|0|41760|1612283513|1612283513|1645734010|1645734010
0|/usr/bin/openssl|50524448|33261|0|0|555280|1642514176|1642514176|1645734032|1645734032
0|/usr/bin/gpg-agent|50662686|33261|0|0|296696|1531487125|1531487125|1645705538|1645705538
0|/usr/bin/pwdx|50708245|33261|0|0|11536|1601486497|1601486497|1645734011|1645734011
0|/usr/bin/setup-nsssysinit|50524081|41471|0|0|19|1645735030|1645734008|1645734008|1645734008
0|/usr/bin/gpg-connect-agent|50662687|33261|0|0|156352|1531487125|1531487125|1645705538|1645705538
0|/usr/bin/setup-nsssysinit.sh|50524082|33261|0|0|1539|1638554267|1638554267|1645734008|1645734008
0|/usr/bin/mcookie|50719342|33261|0|0|15808|1612283513|1612283513|1645734010|1645734010
0|/usr/bin/certutil|50524083|33261|0|0|184056|1638554275|1638554275|1645734008|1645734008
0|/usr/bin/more|50719343|33261|0|0|41112|1612283513|1612283513|1645734010|1645734010
0|/usr/bin/top|50708250|33261|0|0|106880|1645738118|1601486497|1645734011|1645734011
0|/usr/bin/cmsutil|50524084|33261|0|0|113232|1638554275|1638554275|1645734008|1645734008
0|/usr/bin/mount|50778969|35309|0|0|44264|1645734055|1612283513|1645734010|1645734010
0|/usr/bin/crlutil|50524085|33261|0|0|130048|1638554275|1638554275|1645734008|1645734008
0|/usr/bin/mountpoint|50778970|33261|0|0|15688|1645734044|1612283513|1645734010|1645734010
0|/usr/bin/modutil|50524088|33261|0|0|169792|1638554275|1638554275|1645734008|1645734008
0|/usr/bin/gpg-zip|50679328|33261|0|0|3307|1531487112|1531487112|1645705538|1645705538
0|/usr/bin/w|50708253|33261|0|0|19912|1601486497|1601486497|1645734011|1645734011
0|/usr/bin/nss-policy-check|50524089|33261|0|0|11456|1638554275|1638554275|1645734008|1645734008
0|/usr/bin/namei|50778971|33261|0|0|28616|1612283513|1612283513|1645734010|1645734010
0|/usr/bin/pk12util|50524090|33261|0|0|105688|1638554275|1638554275|1645734008|1645734008
0|/usr/bin/nsenter|50778972|33261|0|0|28896|1612283513|1612283513|1645734010|1645734010
0|/usr/bin/signver|50524091|33261|0|0|105048|1638554275|1638554275|1645734008|1645734008
0|/usr/bin/prlimit|50778973|33261|0|0|42184|1612283513|1612283513|1645734010|1645734010
0|/usr/bin/ssltap|50524092|33261|0|0|121264|1638554275|1638554275|1645734008|1645734008
0|/usr/bin/raw|50778974|33261|0|0|15640|1612283513|1612283513|1645734010|1645734010
0|/usr/bin/kmod|50708345|33261|0|0|146680|1645705559|1585709895|1645705540|1645705540
0|/usr/bin/aserver|50640748|33261|0|0|28888|1565265659|1565265659|1645705536|1645705536
0|/usr/bin/rename|50778975|33261|0|0|11528|1612283513|1612283513|1645734010|1645734010
0|/usr/bin/addr2line|50524456|33261|0|0|29104|1635781155|1635781155|1645734032|1645734032
0|/usr/bin/renice|50778976|33261|0|0|11480|1612283513|1612283513|1645734010|1645734010
0|/usr/bin/c++filt|50524032|33261|0|0|28592|1635781155|1635781155|1645734032|1645734032
0|/usr/bin/rev|50778977|33261|0|0|11528|1612283513|1612283513|1645734010|1645734010
0|/usr/bin/ping|50741056|33261|0|0|66176|1645705567|1501833664|1645705541|1645705541
0|/usr/bin/elfedit|50524034|33261|0|0|32952|1635781155|1635781155|1645734032|1645734032
0|/usr/bin/script|50778978|33261|0|0|20080|1612283513|1612283513|1645734010|1645734010
0|/usr/bin/gprof|50524035|33261|0|0|100776|1635781155|1635781155|1645734032|1645734032
0|/usr/bin/scriptreplay|50778979|33261|0|0|15656|1612283513|1612283513|1645734010|1645734010
0|/usr/bin/ld.bfd|50524036|33261|0|0|1006192|1635781155|1635781155|1645734032|1645734032
0|/usr/bin/setarch|50778980|33261|0|0|15640|1612283513|1612283513|1645734010|1645734010
0|/usr/bin/objcopy|50524038|33261|0|0|232792|1635781155|1635781155|1645734032|1645734032
0|/usr/bin/setpriv|50778981|33261|0|0|36928|1612283513|1612283513|1645734010|1645734010
0|/usr/bin/objdump|50524039|33261|0|0|366328|1635781155|1635781155|1645734032|1645734032
0|/usr/bin/setsid|50778982|33261|0|0|11496|1645734055|1612283513|1645734010|1645734010
0|/usr/bin/ranlib|50524040|33261|0|0|62688|1635781155|1635781155|1645734032|1645734032
0|/usr/bin/setterm|50778983|33261|0|0|28144|1612283513|1612283513|1645734010|1645734010
0|/usr/bin/readelf|50524041|33261|0|0|522064|1635781155|1635781155|1645734032|1645734032
0|/usr/bin/su|50778984|35309|0|0|32128|1612283513|1612283513|1645734010|1645734010
0|/usr/bin/scp|50533351|33261|0|0|91376|1637771716|1637771716|1645734019|1645734019
0|/usr/bin/strings|50524043|33261|0|0|33328|1635781155|1635781155|1645734032|1645734032
0|/usr/bin/tailf|50778985|33261|0|0|24456|1612283513|1612283513|1645734010|1645734010
0|/usr/bin/strip|50524044|33261|0|0|232800|1645734056|1635781155|1645734032|1645734032
0|/usr/bin/taskset|50778986|33261|0|0|32992|1612283513|1612283513|1645734010|1645734010
0|/usr/bin/ld.gold|50532722|33261|0|0|5354104|1635781155|1635781155|1645734033|1645734033
0|/usr/bin/ul|50778987|33261|0|0|19936|1612283513|1612283513|1645734010|1645734010
0|/usr/bin/sftp|50533352|33261|0|0|145416|1637771716|1637771716|1645734019|1645734019
0|/usr/bin/rpm2cpio|50596011|33261|0|0|11424|1637771614|1637771614|1645734008|1645734008
0|/usr/bin/umount|50778988|35309|0|0|31984|1645734054|1612283513|1645734010|1645734010
0|/usr/bin/rpmdb|50630720|33261|0|0|12016|1637771614|1637771614|1645734008|1645734008
0|/usr/bin/unshare|50778989|33261|0|0|15824|1612283513|1612283513|1645734010|1645734010
0|/usr/bin/rpmkeys|50630721|33261|0|0|12016|1637771614|1637771614|1645734008|1645734008
0|/usr/bin/utmpdump|50778990|33261|0|0|15816|1612283513|1612283513|1645734010|1645734010
0|/usr/bin/rpmquery|50630722|41471|0|0|13|1645735030|1645734008|1645734008|1645734008
0|/usr/bin/uuidgen|50778991|33261|0|0|11480|1612283513|1612283513|1645734010|1645734010
0|/usr/bin/rpmverify|50630723|41471|0|0|13|1645735030|1645734008|1645734008|1645734008
0|/usr/bin/wdctl|50778992|33261|0|0|41672|1612283513|1612283513|1645734010|1645734010
0|/usr/bin/lchfn|50662597|33261|0|0|15896|1523558663|1523558663|1645705538|1645705538
0|/usr/bin/whereis|50778993|33261|0|0|20680|1612283513|1612283513|1645734010|1645734010
0|/usr/bin/lchsh|50662598|33261|0|0|15864|1523558663|1523558663|1645705538|1645705538
0|/usr/bin/write|50778994|34285|0|5|19544|1612283513|1612283513|1645734010|1645734010
0|/usr/bin/urlgrabber|50662654|33261|0|0|12465|1585714443|1585714443|1645705538|1645705538
0|/usr/bin/x86_64|50778995|41471|0|0|7|1645735030|1645734010|1645734010|1645734010
0|/usr/bin/fipscheck|50662655|33261|0|0|15736|1501678069|1501678069|1645705538|1645705538
0|/usr/bin/free|50719349|33261|0|0|19792|1601486497|1601486497|1645734011|1645734011
0|/usr/bin/ssh|50533354|33261|0|0|774544|1637771716|1637771716|1645734019|1645734019
0|/usr/bin/fipshmac|50662656|33261|0|0|11576|1501678069|1501678069|1645705538|1645705538
0|/usr/bin/gpgconf|50679330|33261|0|0|143680|1531487125|1531487125|1645705538|1645705538
0|/usr/bin/chvt|50753938|33261|0|0|11408|1637771643|1637771643|1645734014|1645734014
0|/usr/bin/pgrep|50708241|33261|0|0|28336|1601486497|1601486497|1645734011|1645734011
0|/usr/bin/pkill|50708242|33261|0|0|28336|1601486497|1601486497|1645734011|1645734011
0|/usr/bin/skill|50708246|33261|0|0|24184|1601486497|1601486497|1645734011|1645734011
0|/usr/bin/slabtop|50708247|33261|0|0|19984|1601486497|1601486497|1645734011|1645734011
0|/usr/bin/snice|50708248|33261|0|0|24184|1601486497|1601486497|1645734011|1645734011
0|/usr/bin/tload|50708249|33261|0|0|15744|1601486497|1601486497|1645734011|1645734011
0|/usr/bin/uptime|50708251|33261|0|0|11488|1601486497|1601486497|1645734011|1645734011
0|/usr/bin/vmstat|50708252|33261|0|0|32232|1601486497|1601486497|1645734011|1645734011
0|/usr/bin/watch|50708254|33261|0|0|24720|1601486497|1601486497|1645734011|1645734011
0|/usr/bin/dracut|50741133|33261|0|0|57167|1645734044|1601481477|1645734012|1645734012
0|/usr/bin/lsinitrd|50708277|33261|0|0|6410|1645734063|1601481477|1645734012|1645734012
0|/usr/bin/mkinitrd|50708278|33261|0|0|3013|1601481477|1601481477|1645734012|1645734012
0|/usr/bin/bootctl|50662585|33261|0|0|70648|1642092896|1642092896|1645734009|1645734009
0|/usr/bin/busctl|50662586|33261|0|0|412880|1642092896|1642092896|1645734009|1645734009
0|/usr/bin/coredumpctl|50662587|33261|0|0|158224|1642092896|1642092896|1645734009|1645734009
0|/usr/bin/hostnamectl|50662588|33261|0|0|325704|1642092896|1642092896|1645734009|1645734009
0|/usr/bin/journalctl|50662589|33261|0|0|550792|1645734010|1642092896|1645734009|1645734009
0|/usr/bin/slogin|50533353|41471|0|0|5|1645735030|1645734019|1645734019|1645734019
0|/usr/bin/localectl|50662591|33261|0|0|333992|1642092896|1642092896|1645734009|1645734009
0|/usr/bin/ssh-add|50533355|33261|0|0|360936|1637771716|1637771716|1645734019|1645734019
0|/usr/bin/loginctl|50662592|33261|0|0|501368|1645734054|1642092896|1645734009|1645734009
0|/usr/bin/ssh-agent|50533356|33865|0|99|382216|1637771716|1637771716|1645734019|1645734019
0|/usr/bin/machinectl|50662593|33261|0|0|546768|1642092896|1642092896|1645734009|1645734009
0|/usr/bin/ssh-copy-id|50533357|33261|0|0|10469|1637771707|1637771707|1645734019|1645734019
0|/usr/bin/systemctl|50662594|33261|0|0|721712|1645734010|1642092896|1645734009|1645734009
0|/usr/bin/grub2-fstest|50741216|33261|0|0|1075016|1634170355|1634170355|1645734013|1645734013
0|/usr/bin/open|50778816|41471|0|0|6|1645735030|1645734014|1645734014|1645734014
0|/usr/bin/systemd-analyze|50662596|33261|0|0|1562288|1642092896|1642092896|1645734009|1645734009
0|/usr/bin/grub2-mkrelpath|50741211|33261|0|0|264680|1634170355|1634170355|1645734012|1645734012
0|/usr/bin/man|51031301|33261|0|0|102848|1540931196|1540931196|1645705554|1645705554
0|/usr/bin/systemd-ask-password|50708358|33261|0|0|61824|1642092896|1642092896|1645734009|1645734009
0|/usr/bin/ssh-keyscan|50533358|33261|0|0|441032|1637771716|1637771716|1645734019|1645734019
0|/usr/bin/systemd-cat|50708359|33261|0|0|40944|1645734044|1642092896|1645734009|1645734009
0|/usr/bin/grub2-glue-efi|50741217|33261|0|0|265072|1634170355|1634170355|1645734013|1645734013
0|/usr/bin/systemd-cgls|50708360|33261|0|0|334120|1645734055|1642092896|1645734009|1645734009
0|/usr/bin/grub2-kbdcomp|50741227|33261|0|0|1668|1634170349|1634170349|1645734013|1645734013
0|/usr/bin/systemd-cgtop|50708361|33261|0|0|87128|1642092896|1642092896|1645734009|1645734009
0|/usr/bin/grub2-mkfont|50741228|33261|0|0|294480|1634170355|1634170355|1645734013|1645734013
0|/usr/bin/sudo|50533322|34889|0|0|151424|1645734161|1634214537|1645734023|1645734023
0|/usr/bin/systemd-coredumpctl|50708362|41471|0|0|11|1645735030|1645734009|1645734009|1645734009
0|/usr/bin/grub2-mkimage|50741229|33261|0|0|388336|1634170355|1634170355|1645734013|1645734013
0|/usr/bin/systemd-delta|50708363|33261|0|0|78680|1642092896|1642092896|1645734009|1645734009
0|/usr/bin/grub2-mklayout|50741230|33261|0|0|271256|1634170355|1634170355|1645734013|1645734013
0|/usr/bin/systemd-detect-virt|50708364|33261|0|0|40928|1645734045|1642092896|1645734009|1645734009
0|/usr/bin/grub2-mknetdir|50741231|33261|0|0|440112|1634170355|1634170355|1645734013|1645734013
0|/usr/bin/systemd-escape|50708365|33261|0|0|49352|1645734055|1642092896|1645734009|1645734009
0|/usr/bin/grub2-mkrescue|50741232|33261|0|0|1038216|1634170355|1634170355|1645734013|1645734013
0|/usr/bin/systemd-firstboot|50708366|33261|0|0|103952|1642092896|1642092896|1645734009|1645734009
0|/usr/bin/grub2-mkstandalone|50741233|33261|0|0|547096|1634170355|1634170355|1645734013|1645734013
0|/usr/bin/systemd-hwdb|50708367|33261|0|0|87360|1642092896|1642092896|1645734009|1645734009
0|/usr/bin/grub2-syslinux2cfg|50741234|33261|0|0|782032|1634170355|1634170355|1645734013|1645734013
0|/usr/bin/systemd-inhibit|50708368|33261|0|0|317264|1642092896|1642092896|1645734009|1645734009
0|/usr/bin/hdsploader|50774681|33261|0|0|11448|1478370844|1478370844|1645705544|1645705544
0|/usr/bin/tmon|50596017|33261|0|0|31856|1645635505|1645635505|1645734033|1645734033
0|/usr/bin/systemd-loginctl|50708369|41471|0|0|8|1645735030|1645734009|1645734009|1645734009
0|/usr/bin/grub2-render-label|50741212|33261|0|0|855176|1634170355|1634170355|1645734013|1645734013
0|/usr/bin/bc|50348842|33261|0|0|83424|1402343514|1402343514|1645733990|1645733990
0|/usr/bin/systemd-machine-id-setup|50708370|33261|0|0|53488|1645734010|1642092896|1645734009|1645734009
0|/usr/bin/mixartloader|50774682|33261|0|0|15744|1478370844|1478370844|1645705544|1645705544
0|/usr/bin/dc|50681594|33261|0|0|45392|1402343514|1402343514|1645733990|1645733990
0|/usr/bin/systemd-notify|50708371|33261|0|0|49288|1642092896|1642092896|1645734009|1645734009
0|/usr/bin/usx2yloader|50774683|33261|0|0|15776|1478370844|1478370844|1645705544|1645705544
0|/usr/bin/pip3|51043189|33261|0|0|407|1602605033|1602605033|1645734147|1645734147
0|/usr/bin/systemd-nspawn|50708372|33261|0|0|558976|1642092896|1642092896|1645734009|1645734009
0|/usr/bin/vxloader|50774684|33261|0|0|15744|1478370844|1478370844|1645705544|1645705544
0|/usr/bin/systemd-path|50708373|33261|0|0|53408|1642092896|1642092896|1645734009|1645734009
0|/usr/bin/nmtui|50779004|33261|0|0|662288|1605543318|1605543318|1645734014|1645734014
0|/usr/bin/systemd-run|50708374|33261|0|0|396344|1645734054|1642092896|1645734009|1645734009
0|/usr/bin/grub2-script-check|50741213|33261|0|0|302472|1634170355|1634170355|1645734013|1645734013
0|/usr/bin/systemd-stdio-bridge|50708375|33261|0|0|313112|1642092896|1642092896|1645734009|1645734009
0|/usr/bin/dbus-binding-tool|50774693|33261|0|0|96760|1402373164|1402373164|1645705545|1645705545
0|/usr/bin/systemd-tmpfiles|50708376|33261|0|0|149640|1645734010|1642092896|1645734009|1645734009
0|/usr/bin/mailq|50794187|41471|0|0|27|1645735030|1645705549|1645705549|1645705549
0|/usr/bin/newaliases|50794188|41471|0|0|32|1645705778|1645705549|1645705549|1645705549
0|/usr/bin/systemd-tty-ask-password-agent|50708377|33261|0|0|86784|1642092896|1642092896|1645734009|1645734009
0|/usr/bin/nmtui-connect|50779005|41471|0|0|5|1645735030|1645734014|1645734014|1645734014
0|/usr/bin/timedatectl|50708378|33261|0|0|338144|1642092896|1642092896|1645734009|1645734009
0|/usr/bin/nmtui-edit|50779006|41471|0|0|5|1645735030|1645734014|1645734014|1645734014
0|/usr/bin/udevadm|50708379|33261|0|0|424216|1645734010|1642092896|1645734009|1645734009
0|/usr/bin/crontab|50741222|35309|0|0|57576|1645739498|1642092731|1645734014|1645734014
0|/usr/bin/unicode_stop|50753935|33261|0|0|363|1637771557|1637771557|1645734014|1645734014
0|/usr/bin/dbus-cleanup-sockets|50662584|33261|0|0|11264|1601481294|1601481294|1645734010|1645734010
0|/usr/bin/nmtui-hostname|50779007|41471|0|0|5|1645735030|1645734014|1645734014|1645734014
0|/usr/bin/dbus-daemon|50719311|33261|0|0|223232|1601481294|1601481294|1645734010|1645734010
0|/usr/bin/bond2team|50741130|33261|0|0|23285|1544345838|1544345838|1645734014|1645734014
0|/usr/bin/dbus-monitor|50719312|33261|0|0|23680|1601481294|1601481294|1645734010|1645734010
0|/usr/bin/teamd|50741242|33261|0|0|158808|1645734046|1601484707|1645734014|1645734014
0|/usr/bin/dbus-run-session|50719313|33261|0|0|15328|1601481294|1601481294|1645734010|1645734010
0|/usr/bin/aulast|50789531|33261|0|0|15856|1565265966|1565265966|1645705548|1645705548
0|/usr/bin/dbus-send|50719314|33261|0|0|27720|1601481294|1601481294|1645734010|1645734010
0|/usr/bin/teamdctl|50741243|33261|0|0|29672|1645734046|1601484707|1645734014|1645734014
0|/usr/bin/dbus-test-tool|50719315|33261|0|0|23688|1601481294|1601481294|1645734010|1645734010
0|/usr/bin/grub2-menulst2cfg|50741134|33261|0|0|247624|1634170355|1634170355|1645734012|1645734012
0|/usr/bin/deallocvt|50753939|33261|0|0|11424|1637771643|1637771643|1645734014|1645734014
0|/usr/bin/dbus-update-activation-environment|50719316|33261|0|0|15384|1601481294|1601481294|1645734010|1645734010
0|/usr/bin/plymouth|50741224|33261|0|0|40720|1645734047|1601571201|1645734014|1645734014
0|/usr/bin/dbus-uuidgen|50719317|33261|0|0|11248|1601481294|1601481294|1645734010|1645734010
0|/usr/bin/aulastlog|50789532|33261|0|0|11624|1565265966|1565265966|1645705548|1645705548
0|/usr/bin/pkaction|50708214|33261|0|0|15360|1643139769|1643139769|1645734011|1645734011
0|/usr/bin/ausyscall|50789533|33261|0|0|11448|1565265966|1565265966|1645705548|1645705548
0|/usr/bin/pkcheck|50708215|33261|0|0|23584|1643139769|1643139769|1645734011|1645734011
0|/usr/bin/auvirt|50789534|33261|0|0|32696|1565265966|1565265966|1645705548|1645705548
0|/usr/bin/pkexec|50708217|35309|0|0|27672|1643139769|1643139769|1645734011|1645734011
0|/usr/bin/mailq.postfix|50794169|41471|0|0|31|1645735030|1645705548|1645705548|1645705548
0|/usr/bin/pkttyagent|50708218|33261|0|0|19440|1643139769|1643139769|1645734011|1645734011
0|/usr/bin/run-parts|50741226|33261|0|0|2086|1645725661|1402352071|1645705542|1645705542
0|/usr/bin/fgconsole|50753940|33261|0|0|11432|1637771643|1637771643|1645734014|1645734014
0|/usr/bin/pkla-admin-identities|50719356|33261|0|0|19688|1402351713|1402351713|1645705541|1645705541
0|/usr/bin/nm-online|50741236|33261|0|0|15528|1605543318|1605543318|1645734013|1645734013
0|/usr/bin/getkeycodes|50753941|33261|0|0|11424|1637771643|1637771643|1645734014|1645734014
0|/usr/bin/pkla-check-authorization|50719357|33261|0|0|27960|1645705810|1402351713|1645705541|1645705541
0|/usr/bin/newaliases.postfix|50794170|41471|0|0|31|1645705778|1645705548|1645705548|1645705548
0|/usr/bin/ping6|50741057|41471|0|0|4|1645735030|1645705541|1645705541|1645705541
0|/usr/bin/rmail.postfix|50794171|33261|0|0|262|1585714097|1585714097|1645705548|1645705548
0|/usr/bin/tracepath|50741058|33261|0|0|15408|1501833664|1501833664|1645705541|1645705541
0|/usr/bin/rmail|50794190|41471|0|0|27|1645735030|1645705549|1645705549|1645705549
0|/usr/bin/tracepath6|50741059|33261|0|0|15408|1501833664|1501833664|1645705541|1645705541
0|/usr/bin/kbd_mode|50753930|33261|0|0|11424|1645734045|1637771643|1645734014|1645734014
0|/usr/bin/ipcalc|50708204|33261|0|0|15416|1605543620|1605543620|1645734011|1645734011
0|/usr/bin/dumpkeys|50332481|33261|0|0|79368|1637771643|1637771643|1645734014|1645734014
0|/usr/bin/usleep|50719350|33261|0|0|11208|1605543620|1605543620|1645734011|1645734011
0|/usr/bin/nmcli|50741237|33261|0|0|828584|1605543318|1605543318|1645734013|1645734013
0|/usr/bin/kbdinfo|50778806|33261|0|0|11456|1637771643|1637771643|1645734014|1645734014
0|/usr/bin/systemd-sysv-convert|50741235|33261|0|0|3979|1642092863|1642092863|1645734013|1645734013
0|/usr/bin/firewall-cmd|50533366|33261|0|0|116200|1619616672|1619616672|1645734019|1645734019
0|/usr/bin/grub2-editenv|50708207|33261|0|0|405584|1645734017|1634170355|1645734011|1645734011
0|/usr/bin/ssh-keygen|50708212|33261|0|0|419208|1637771716|1637771716|1645734011|1645734011
0|/usr/bin/kbdrate|50778813|33261|0|0|11488|1637771643|1637771643|1645734014|1645734014
0|/usr/bin/grub2-mkpasswd-pbkdf2|50708208|33261|0|0|277808|1634170355|1634170355|1645734011|1645734011
0|/usr/bin/loadkeys|50753931|33261|0|0|113136|1645734045|1637771643|1645734014|1645734014
0|/usr/bin/secon|50741138|33261|0|0|24640|1585713895|1585713895|1645705542|1645705542
0|/usr/bin/firewall-offline-cmd|50533367|33261|0|0|103607|1619616672|1619616672|1645734019|1645734019
0|/usr/bin/linux-boot-prober|50741202|33261|0|0|5995|1478403002|1478403002|1645705542|1645705542
0|/usr/bin/setfont|50753932|33261|0|0|41352|1645734045|1637771643|1645734014|1645734014
0|/usr/bin/os-prober|50741203|33261|0|0|5643|1645705706|1478403002|1645705542|1645705542
0|/usr/bin/unicode_start|50753934|33261|0|0|2555|1637771558|1637771558|1645734014|1645734014
0|/usr/bin/grub2-file|50708344|33261|0|0|850288|1634170355|1634170355|1645734012|1645734012
0|/usr/bin/kdumpctl|50778896|33261|0|0|33974|1623254998|1623254998|1645734015|1645734015
0|/usr/bin/loadunimap|50778814|33261|0|0|24456|1637771643|1637771643|1645734014|1645734014
0|/usr/bin/mapscrn|50778815|33261|0|0|20256|1637771643|1637771643|1645734014|1645734014
0|/usr/bin/openvt|50778817|33261|0|0|19944|1637771643|1637771643|1645734014|1645734014
0|/usr/bin/psfaddtable|50778818|41471|0|0|9|1645735030|1645734014|1645734014|1645734014
0|/usr/bin/psfgettable|50778819|41471|0|0|9|1645735030|1645734014|1645734014|1645734014
0|/usr/bin/psfstriptable|50778820|41471|0|0|9|1645735030|1645734014|1645734014|1645734014
0|/usr/bin/psfxtable|50778821|33261|0|0|19952|1637771643|1637771643|1645734014|1645734014
0|/usr/bin/resizecons|50778822|33261|0|0|20096|1637771643|1637771643|1645734014|1645734014
0|/usr/bin/setkeycodes|50778823|33261|0|0|11432|1637771643|1637771643|1645734014|1645734014
0|/usr/bin/setleds|50778824|33261|0|0|11432|1637771643|1637771643|1645734014|1645734014
0|/usr/bin/setmetamode|50778825|33261|0|0|11480|1637771643|1637771643|1645734014|1645734014
0|/usr/bin/setvtrgb|50778826|33261|0|0|11608|1637771643|1637771643|1645734014|1645734014
0|/usr/bin/showconsolefont|50778827|33261|0|0|15840|1637771643|1637771643|1645734014|1645734014
0|/usr/bin/showkey|50778828|33261|0|0|15600|1637771643|1637771643|1645734014|1645734014
0|/usr/bin/vlock|50778830|33261|0|0|16104|1637771643|1637771643|1645734014|1645734014
0|/usr/bin/rsyslog-recover-qi.pl|50533364|33261|0|0|6098|1623255187|1623255187|1645734019|1645734019
0|/usr/bin/chronyc|51026840|33261|0|0|87072|1645705843|1565264418|1645705552|1645705552
0|/usr/bin/apropos|51031298|41471|0|0|6|1645735030|1645705554|1645705554|1645705554
0|/usr/bin/catman|51031299|33261|0|0|37632|1540931196|1540931196|1645705554|1645705554
0|/usr/bin/lexgrog|51031300|33261|0|0|87128|1540931196|1540931196|1645705554|1645705554
0|/usr/bin/mandb|51031302|33261|0|0|125184|1645728361|1540931196|1645705554|1645705554
0|/usr/bin/manpath|51031303|33261|0|0|33336|1540931196|1540931196|1645705554|1645705554
0|/usr/bin/whatis|51031304|33261|0|0|46584|1540931196|1540931196|1645705554|1645705554
0|/usr/bin/passwd|51031362|35309|0|0|27856|1585713439|1585713439|1645705554|1645705554
0|/usr/bin/cvtsudoers|50533321|33261|0|0|247504|1634214537|1634214537|1645734023|1645734023
0|/usr/bin/sudoedit|50533323|41471|0|0|4|1645735030|1645734023|1645734023|1645734023
0|/usr/bin/sudoreplay|50533324|32841|0|0|57456|1634214537|1634214537|1645734023|1645734023
0|/usr/bin/chattr|50524442|33261|0|0|11536|1601481509|1601481509|1645734032|1645734032
0|/usr/bin/lsattr|50403527|33261|0|0|11520|1601481509|1601481509|1645734032|1645734032
0|/usr/bin/centrino-decode|50596012|33261|0|0|6280|1645635505|1645635505|1645734033|1645734033
0|/usr/bin/cpupower|50596013|33261|0|0|67928|1645635505|1645635505|1645734033|1645734033
0|/usr/bin/powernow-k8-decode|50596015|33261|0|0|6296|1645635505|1645635505|1645734033|1645734033
0|/usr/bin/turbostat|50596018|33261|0|0|115864|1645635505|1645635505|1645734033|1645734033
0|/usr/bin/x86_energy_perf_policy|50596019|33261|0|0|10480|1645734037|1645635505|1645734033|1645734033
0|/usr/bin/page_owner_sort|50596014|33261|0|0|10440|1645635505|1645635505|1645734033|1645734033
0|/usr/bin/slabinfo|50596016|33261|0|0|35800|1645635505|1645635505|1645734033|1645734033
0|/usr/bin/easy_install-3.6|50774370|33261|0|0|234|1565197194|1565197194|1645734147|1645734147
0|/usr/bin/pip-3|51043181|41471|0|0|9|1645735030|1645734147|1645734147|1645734147
0|/usr/bin/pip-3.6|51043188|41471|0|0|8|1645735030|1645734147|1645734147|1645734147
0|/usr/bin/pip3.6|51043190|33261|0|0|407|1602605033|1602605033|1645734147|1645734147
0|/usr/bin/pydoc3|50793276|41471|0|0|8|1645735030|1645734147|1645734147|1645734147
0|/usr/bin/pydoc3.6|50793277|33261|0|0|78|1605545876|1605545876|1645734147|1645734147
0|/usr/bin/python3|50793278|41471|0|0|9|1645734155|1645734147|1645734147|1645734147
0|/usr/bin/pyvenv|50793279|41471|0|0|10|1645735030|1645734147|1645734147|1645734147
0|/usr/bin/pyvenv-3.6|50793312|33261|0|0|435|1605545876|1605545876|1645734147|1645734147
0|/usr/bin/python3.6|50793315|33261|0|0|11328|1645734155|1605545975|1645734147|1645734147
0|/usr/bin/python3.6m|50793315|33261|0|0|11328|1645734155|1605545975|1645734147|1645734147
0|/usr/bin/Week4_script.py|50796043|33188|0|0|4378|1645734605|1645734634|1645734634|1645734634
0|/usr/bin/Week4_logchecker_script.py|50796045|33188|0|0|783|1645734605|1645734634|1645734634|1645734634
0|/usr/bin/Week04_script.py|50796046|33188|0|0|1868|1645735283|1645735121|1645735121|1645735121
0|/usr/bin/output.txt|50796047|33188|0|0|0|1645735121|1645735121|1645735121|1645735121
0|/usr/bin/ssh_script.py|50796048|33188|0|0|1869|1645742068|1645742068|1645742068|1645742068
0|/usr/bin/ssh_output.txt|50796049|33188|0|0|57700|1645742068|1645742068|1645742068|1645742068
0|/usr/bin/ssh2_output.txt|50796054|33188|0|0|60598|1645741898|1645741898|1645741898|1645741898
